ind_name	lib_name	input_read_count	mapped_read_count	filt_mapped_read_count	dedup_mapped_read_count	cov_mean	cov_median	cov_1x	cov_2x	cov_3x	cov_4x	cov_5x	map_endog	dedup_filt_map_endog	Haplogroup_5x	Quality_5x
LQ07	60mt	468.00	468.00	458.00	81.00	0.00	0.00	17.70	3.00	0.80	0.40	0.20	100.00	97.86	H2a2a1	0.5
LQ24	78mt	4,109,797.00	4,107,238.00	4,101,237.00	5,968.00	26.00	26.00	98.90	98.60	97.30	96.10	94.50	99.94	99.79	H2a2a1	0.5
LQ37	106mt	9.00	9.00	9.00	9.00	0.00	0.00	5.40	0.00	0.00	0.00	0.00	100.00	100.00	H2a2a1	0.5
LQ04	57mt	1,765,814.00	1,765,768.00	1,536,328.00	91.00	0.00	0.00	21.80	10.70	4.60	1.60	1.10	100.00	87.00	U5a1*	0.5231
LQ17	58mt	5,105,243.00	5,105,203.00	5,036,227.00	368.00	1.00	1.00	53.90	38.00	27.50	18.00	11.50	100.00	98.65	H2a2a	0.5377
LQ23	73mt	5,548,591.00	5,537,619.00	5,461,508.00	6,478.00	20.00	20.00	86.60	82.40	79.70	77.00	75.20	99.80	98.43	C1b	0.6904
LQ02	83mt	1,660,986.00	1,660,295.00	1,615,140.00	1,511.00	5.00	4.00	77.50	70.20	64.30	56.30	49.00	99.96	97.24	L2b1a	0.7297
LQ25	76mt	1,822,520.00	1,821,198.00	1,762,066.00	3,548.00	9.00	7.00	79.50	70.60	66.40	62.30	57.60	99.93	96.68	L0a2a2	0.7326
LQ24	56mt	17,119,120.00	17,115,885.00	16,989,918.00	23,840.00	200.00	224.00	100.00	100.00	100.00	100.00	99.80	99.98	99.25	L3d1b3	0.7419
LQ39	119mt	2,710,562.00	2,709,887.00	2,572,450.00	22,290.00	126.00	156.00	97.80	96.60	94.80	93.60	92.50	99.98	94.90	L1c2'4	0.7634
LQ26	85mt	5,326,507.00	5,323,601.00	5,223,606.00	8,922.00	31.00	33.00	88.70	83.50	81.50	79.90	78.40	99.95	98.07	L3d1	0.7752
LQ05	81mt	7,405,255.00	7,393,560.00	7,063,438.00	25,492.00	164.00	197.00	100.00	99.30	98.90	98.50	98.20	99.84	95.38	B2b	0.7815
LQ21	59mt	67,267.00	67,237.00	65,662.00	1,832.00	7.00	7.00	84.90	77.60	73.00	68.60	63.50	99.96	97.61	L3f1b1a	0.7938
LQ49	128mt	414,931.00	414,516.00	391,980.00	17,887.00	76.00	89.00	96.70	93.30	91.30	89.70	88.50	99.90	94.47	B2b	0.7965
LQ46	113mt	135,148.00	135,063.00	127,584.00	7,803.00	26.00	26.00	86.60	82.20	80.30	78.20	76.60	99.94	94.40	D1	0.8044
LQ44	109mt	125,810.00	125,695.00	121,373.00	10,978.00	35.00	34.00	79.20	77.50	75.70	74.30	73.30	99.91	96.47	L0a2a1b	0.8069
LQ02	84mt	1,484,709.00	1,484,650.00	1,470,696.00	3,351.00	11.00	11.00	82.30	75.90	72.50	70.40	66.90	100.00	99.06	L2b1a	0.8105
LQ54	114mt	388,459.00	387,927.00	353,866.00	8,700.00	26.00	25.00	81.20	77.70	75.30	73.90	71.90	99.86	91.09	L1c1d	0.8112
LQ22	80mt	343,795.00	343,633.00	335,937.00	8,129.00	31.00	33.00	90.40	86.10	83.50	82.10	80.50	99.95	97.71	L2a1a3c	0.8136
LQ18	71mt	336,730.00	336,583.00	331,521.00	13,830.00	48.00	52.00	90.10	85.70	83.70	81.50	80.40	99.96	98.45	H1bw	0.8162
LQ08	74mt	3,019,350.00	3,016,399.00	2,930,115.00	11,262.00	48.00	53.00	94.40	91.50	88.50	86.10	84.50	99.90	97.04	L1c1a2	0.8182
LQ14	69mt	768,122.00	767,766.00	759,551.00	14,128.00	78.00	91.00	98.70	96.60	95.50	93.60	92.80	99.95	98.88	B2	0.8215
LQ35	125mt	4,651,362.00	4,646,522.00	4,448,974.00	20,397.00	102.00	124.00	98.80	96.70	95.50	94.90	94.00	99.90	95.65	L3e2a2	0.8289
LQ08	55mt	118,184.00	118,177.00	114,280.00	12,874.00	61.00	70.00	97.00	93.00	89.90	88.80	87.80	99.99	96.70	L1c1a2	0.833
LQ48	107mt	1,075,027.00	1,074,782.00	1,016,718.00	23,160.00	141.00	171.00	98.00	96.30	94.40	93.20	92.70	99.98	94.58	L1c1a1	0.8365
LQ42	120mt	2,789,771.00	2,787,458.00	2,676,632.00	26,391.00	200.00	234.00	100.00	99.50	99.30	98.90	98.50	99.92	95.94	L3e2b	0.8394
LQ06	82mt	524,909.00	523,774.00	518,831.00	13,989.00	71.00	82.00	98.20	96.10	95.00	94.00	92.90	99.78	98.84	C	0.8396
LQ33	127mt	697,490.00	696,706.00	663,391.00	19,110.00	91.00	110.00	98.00	95.60	93.40	92.30	91.40	99.89	95.11	L3d1b3a	0.8477
LQ62	131mt	10,727,835.00	10,707,610.00	10,283,888.00	28,772.00	281.00	316.00	100.00	100.00	99.90	99.80	99.70	99.81	95.86	C	0.8498
LQ19	19dsV2	5,918.00	5,913.00	5,832.00	3,422.00	12.00	12.00	93.00	85.50	81.40	77.20	74.20	99.92	98.55	L2b1a	0.8543
LQ60	136mt	11,642,909.00	11,612,857.00	10,745,050.00	22,956.00	120.00	148.00	99.60	98.80	97.60	96.80	95.70	99.74	92.29	C	0.8567
LQ09	65mt	1,081,459.00	1,081,380.00	1,038,388.00	3,664.00	15.00	14.00	92.90	85.60	81.70	78.80	76.40	99.99	96.02	L3d1b2	0.858
LQ41	133mt	613,876.00	613,633.00	583,612.00	19,688.00	95.00	117.00	94.20	91.80	90.00	88.90	87.50	99.96	95.07	L1c1d1	0.8594
LQ15	33dsV2	14,788.00	14,786.00	14,363.00	7,819.00	25.00	24.00	87.60	81.80	79.20	77.30	76.10	99.99	97.13	L1c1b	0.8632
LQ13	67mt	1,951,993.00	1,951,536.00	1,922,596.00	2,852.00	11.00	12.00	89.50	83.60	81.20	78.70	76.40	99.98	98.49	L3e1a1a	0.8634
LQ29	63mt	1,907,568.00	1,905,935.00	1,846,687.00	13,060.00	63.00	74.00	97.70	93.70	90.90	89.30	88.60	99.91	96.81	L2a1a3c	0.8652
LQ27	75mt	1,072,716.00	1,070,833.00	1,062,557.00	7,343.00	28.00	29.00	92.90	88.20	84.20	81.60	80.00	99.82	99.05	L0d1a1a	0.8681
LQ20	61mt	15,474.00	15,461.00	15,404.00	4,308.00	19.00	20.00	89.60	87.20	85.30	82.60	80.80	99.92	99.55	L3f1b4a	0.8741
LQ01	79mt	4,538,939.00	4,537,886.00	4,402,424.00	20,632.00	102.00	124.00	97.90	95.70	94.40	93.40	91.50	99.98	96.99	D1	0.8831
LQ34	118mt	2,562,428.00	2,558,696.00	2,395,970.00	18,749.00	81.00	99.00	96.40	93.30	91.20	89.00	88.10	99.85	93.50	L3f1b1a	0.8862
LQ52	116mt	1,571,355.00	1,570,970.00	1,461,767.00	21,882.00	112.00	138.00	96.90	95.40	94.10	92.50	91.70	99.98	93.03	L2c	0.8871
LQ57	121mt	7,593,068.00	7,584,987.00	7,240,258.00	26,538.00	203.00	237.00	99.60	99.40	99.30	99.20	98.90	99.89	95.35	L3e1a1a	0.8895
LQ38	129mt	6,087,200.00	6,084,529.00	5,810,610.00	27,848.00	249.00	285.00	100.00	100.00	99.90	99.80	99.70	99.96	95.46	L3b1a8	0.8912
LQ43	112mt	2,004,432.00	2,004,027.00	1,957,476.00	20,391.00	88.00	109.00	94.00	90.80	89.40	88.20	87.10	99.98	97.66	L3e3b	0.894
LQ59	117mt	2,285,441.00	2,282,293.00	2,165,931.00	22,396.00	119.00	147.00	97.30	96.10	94.80	93.30	92.10	99.86	94.77	L2a1q	0.8947
LQ28	64mt	2,695,266.00	2,693,962.00	2,671,890.00	19,971.00	104.00	124.00	98.80	97.50	96.20	95.00	94.20	99.95	99.13	A2+(64)	0.8974
LQ61	110mt	524,394.00	524,278.00	502,734.00	24,865.00	169.00	199.00	98.70	98.20	97.80	97.30	97.10	99.98	95.87	A2+(64)	0.8974
LQ45	126mt	4,885,319.00	4,884,139.00	4,750,959.00	28,765.00	332.00	375.00	99.40	99.30	99.20	99.20	99.20	99.98	97.25	L1c1a1	0.9029
LQ11	53mt	483,774.00	483,757.00	452,303.00	6,788.00	32.00	33.00	94.60	91.10	87.80	86.10	85.20	100.00	93.49	L3b1a1	0.9033
LQ30	LQ30a.1	9,601.00	9,594.00	8,870.00	5,109.00	24.00	25.00	93.00	89.70	87.50	86.30	85.10	99.93	92.39	L2c2a1	0.9058
LQ17	72mt	2,231,520.00	2,229,834.00	2,210,933.00	18,566.00	95.00	115.00	96.70	95.10	94.20	93.10	91.90	99.92	99.08	L2b1b	0.906
LQ10	62mt	3,819,848.00	3,817,543.00	3,703,347.00	13,940.00	65.00	76.00	97.60	95.30	93.10	91.30	89.00	99.94	96.95	L3e1a1a	0.9087
LQ58	135mt	6,036,189.00	6,034,557.00	5,812,775.00	27,021.00	204.00	241.00	99.90	99.70	99.40	98.90	98.50	99.97	96.30	D1	0.9097
LQ40	115mt	16,722,400.00	16,718,077.00	16,171,611.00	28,276.00	251.00	287.00	100.00	99.90	99.80	99.60	99.40	99.97	96.71	L3d4	0.9102
LQ32	132mt	4,985,154.00	4,983,673.00	4,762,547.00	25,304.00	167.00	201.00	99.60	99.30	98.90	98.20	97.90	99.97	95.53	L3e2b+152*	0.9148
LQ36	122mt	6,246,443.00	6,244,060.00	5,971,973.00	22,712.00	119.00	146.00	99.20	97.80	96.60	95.30	94.20	99.96	95.61	L3e2b+152*	0.9148
LQ12	70mt	716,909.00	715,991.00	696,115.00	12,587.00	60.00	71.00	95.90	93.90	92.80	90.40	89.30	99.87	97.10	L2b1b	0.9163
LQ50	108mt	1,687,192.00	1,685,680.00	1,622,594.00	26,376.00	206.00	239.00	99.60	99.50	99.30	99.20	98.70	99.91	96.17	L3e1a1a	0.9173
LQ63	123mt	5,634,230.00	5,627,566.00	5,468,145.00	26,119.00	202.00	241.00	99.60	99.40	99.10	98.90	98.50	99.88	97.05	L2a1d2	0.9194
LQ12	54mt	12,749,179.00	12,738,611.00	12,277,818.00	22,372.00	136.00	161.00	99.60	99.30	99.00	98.70	98.00	99.92	96.30	L2b1b	0.9235
LQ30	77mt	2,275,319.00	2,274,083.00	2,255,854.00	15,128.00	75.00	88.00	96.00	94.30	92.60	91.90	91.10	99.95	99.14	L2c2a1	0.9237
LQ56	134mt	4,816,012.00	4,811,010.00	4,630,158.00	27,417.00	250.00	290.00	99.70	98.90	98.70	98.60	98.40	99.90	96.14	L2a1f	0.9309
LQ03	68mt	57,157.00	57,143.00	54,852.00	13,628.00	70.00	81.00	94.00	91.70	90.30	89.60	88.60	99.98	95.97	L2c3*1	0.9336
LQ64	111mt	10,153,651.00	10,149,477.00	9,810,997.00	28,759.00	286.00	319.00	100.00	100.00	99.90	99.80	99.60	99.96	96.63	L3d3a1a	0.9362
LQ31	124mt	15,642,417.00	15,619,365.00	14,917,807.00	27,169.00	227.00	267.00	99.50	99.30	99.00	98.80	98.70	99.85	95.37	L2b1b	0.9397
LQ55	130mt	3,225,187.00	3,221,583.00	3,072,645.00	27,459.00	240.00	280.00	99.50	99.00	98.80	98.60	98.50	99.89	95.27	L2b1b	0.941
LQ16	66mt	10,999,234.00	10,996,838.00	10,798,474.00	17,190.00	96.00	114.00	100.00	98.90	98.10	97.50	97.00	99.98	98.17	L2b1a3	0.9579
